---
images_kolla:
  - release/2025.1/ceilometer-central:24.0.1.20260328
  - release/2025.1/ceilometer-compute:24.0.1.20260328
  - release/2025.1/ceilometer-notification:24.0.1.20260328
  - release/2025.1/cinder-api:26.2.1.20260328
  - release/2025.1/cinder-backup:26.2.1.20260328
  - release/2025.1/cinder-scheduler:26.2.1.20260328
  - release/2025.1/cinder-volume:26.2.1.20260328
  - release/2025.1/cron:3.0.20260328
  - release/2025.1/designate-api:20.0.1.20260328
  - release/2025.1/designate-backend-bind9:20.0.1.20260328
  - release/2025.1/designate-central:20.0.1.20260328
  - release/2025.1/designate-mdns:20.0.1.20260328
  - release/2025.1/designate-producer:20.0.1.20260328
  - release/2025.1/designate-sink:20.0.1.20260328
  - release/2025.1/designate-worker:20.0.1.20260328
  - release/2025.1/fluentd:5.0.9.20260328
  - release/2025.1/glance-api:30.1.1.20260328
  - release/2025.1/grafana:12.4.2.20260328
  - release/2025.1/haproxy-ssh:9.6.20260328
  - release/2025.1/haproxy:2.8.16.20260328
  - release/2025.1/horizon:25.3.3.20260328
  - release/2025.1/ironic-api:29.0.5.20260328
  - release/2025.1/ironic-conductor:29.0.5.20260328
  - release/2025.1/iscsid:2.1.9.20260328
  - release/2025.1/keepalived:2.2.8.20260328
  - release/2025.1/keystone-fernet:27.0.1.20260328
  - release/2025.1/keystone-ssh:27.0.1.20260328
  - release/2025.1/keystone:27.0.1.20260328
  - release/2025.1/kolla-toolbox:20.3.1.20260328
  - release/2025.1/letsencrypt-lego:4.20.4.20260328
  - release/2025.1/letsencrypt-webserver:2.4.58.20260328
  - release/2025.1/mariadb-clustercheck:10.11.16.20260328
  - release/2025.1/mariadb-server:10.11.16.20260328
  - release/2025.1/memcached:1.6.24.20260328
  - release/2025.1/multipathd:0.9.4.20260328
  - release/2025.1/neutron-metadata-agent:26.0.3.20260328
  - release/2025.1/neutron-server:26.0.3.20260328
  - release/2025.1/nova-api:31.2.1.20260328
  - release/2025.1/nova-compute:31.2.1.20260328
  - release/2025.1/nova-conductor:31.2.1.20260328
  - release/2025.1/nova-libvirt:10.0.0.20260328
  - release/2025.1/nova-novncproxy:31.2.1.20260328
  - release/2025.1/nova-scheduler:31.2.1.20260328
  - release/2025.1/nova-ssh:31.2.1.20260328
  - release/2025.1/octavia-api:16.0.2.20260328
  - release/2025.1/octavia-driver-agent:16.0.2.20260328
  - release/2025.1/octavia-health-manager:16.0.2.20260328
  - release/2025.1/octavia-housekeeping:16.0.2.20260328
  - release/2025.1/octavia-worker:16.0.2.20260328
  - release/2025.1/opensearch-dashboards:2.19.5.20260328
  - release/2025.1/opensearch:2.19.5.20260328
  - release/2025.1/openvswitch-db-server:3.5.1.20260328
  - release/2025.1/openvswitch-vswitchd:3.5.1.20260328
  - release/2025.1/ovn-controller:25.3.1.20260328
  - release/2025.1/ovn-nb-db-server:25.3.1.20260328
  - release/2025.1/ovn-northd:25.3.1.20260328
  - release/2025.1/ovn-sb-db-relay:25.3.1.20260328
  - release/2025.1/ovn-sb-db-server:25.3.1.20260328
  - release/2025.1/placement-api:13.0.0.20260328
  - release/2025.1/prometheus-alertmanager:0.28.1.20260328
  - release/2025.1/prometheus-blackbox-exporter:0.25.0.20260328
  - release/2025.1/prometheus-cadvisor:0.49.2.20260328
  - release/2025.1/prometheus-elasticsearch-exporter:1.8.0.20260328
  - release/2025.1/prometheus-libvirt-exporter:2.2.0.20260328
  - release/2025.1/prometheus-memcached-exporter:0.15.0.20260328
  - release/2025.1/prometheus-mysqld-exporter:0.16.0.20260328
  - release/2025.1/prometheus-node-exporter:1.8.2.20260328
  - release/2025.1/prometheus-openstack-exporter:1.7.0.20260328
  - release/2025.1/prometheus-ovn-exporter:1.0.7.20260328
  - release/2025.1/prometheus-server:3.2.1.20260328
  - release/2025.1/proxysql:3.0.6.20260328
  - release/2025.1/rabbitmq:4.1.8.20260328
  - release/2025.1/redis-sentinel:7.0.15.20260328
  - release/2025.1/redis:7.0.15.20260328
  - release/2025.1/skyline-apiserver:6.0.1.20260328
  - release/2025.1/skyline-console:6.0.1.20260328
  - release/2025.1/tgtd:1.0.85.20260328
